(
	(0.000000 100490.33)
	(0.201340 100547.07)
	(0.251675 100648.78)
	(0.302010 100772.49)
	(0.352345 101038.38)
	(0.402679 101297.43)
	(0.453014 101543.54)
	(0.503349 101818.00)
	(0.553684 102060.07)
	(0.604019 102215.08)
	(0.654354 102276.40)
	(0.704689 102306.93)
	(0.755024 102296.36)
	(0.805359 102245.27)
	(0.855694 102213.42)
	(0.906029 102186.39)
	(0.956364 102157.94)
	(1.006699 102139.44)
	(1.057034 102118.24)
	(1.107368 102095.67)
	(1.157703 102089.21)
	(1.208038 102082.68)
	(1.258373 102076.51)
	(1.308708 102056.92)
	(1.359043 102020.03)
	(1.409378 101981.80)
	(1.459713 101928.24)
	(1.510048 101635.39)
	(1.560383 101193.07)
	(1.610718 100925.42)
	(1.661053 100607.48)
	(1.711388 100397.69)
	(1.761723 100345.79)
	(1.812057 100331.51)
	(1.862392 100327.79)
	(1.912727 100322.00)
	(1.963062 100316.77)
	(2.013397 100305.66)
	(2.063732 100318.70)
	(2.114067 100333.99)
	(2.164402 100336.13)
	(2.214737 100349.63)
	(2.265072 100363.97)
	(2.315407 100369.31)
	(2.365742 100374.73)
	(2.416077 100373.39)
	(2.466412 100368.09)
	(2.516747 100363.48)
	(2.567081 100362.27)
	(2.617416 100378.42)
	(2.667751 100396.63)
	(2.718086 100402.41)
	(2.768421 100408.52)
	(2.818756 100409.46)
	(2.869091 100406.70)
	(2.919426 100406.59)
	(2.969761 100405.43)
	(3.020096 100401.95)
	(3.070431 100404.68)
	(3.120766 100411.77)
	(3.171101 100408.38)
	(3.221436 100406.35)
	(3.271770 100412.44)
	(3.322105 100409.67)
	(3.372440 100400.10)
	(3.422775 100389.78)
	(3.473110 100385.33)
	(3.523445 100391.95)
	(3.573780 100399.65)
	(3.624115 100403.35)
	(3.674450 100397.99)
)
